2204776693_eca753e0ea_o.jpg,Dog 0.57 0.03 0.08 0.65 0.97 
5976942827_f8472f6854_o.jpg,Human eye 0.14 0.27 0.29 0.32 0.31 Human eye 0.17 0.37 0.26 0.47 0.30 Human head 0.19 0.23 0.07 0.62 0.47 Clothing 0.95 0.19 0.34 1.00 0.97 Woman 0.95 0.14 0.04 1.00 0.98 Human face 0.95 0.26 0.16 0.58 0.47 
2275481350_b504c679e8_o.jpg,Tree 0.13 0.00 0.00 1.00 1.00 Person 0.67 0.11 0.10 0.48 0.93 
5143752432_f6fe6316f1_o.jpg,Human eye 0.11 0.32 0.29 0.37 0.31 Tree 0.13 0.11 0.11 0.94 0.94 Human face 0.35 0.31 0.24 0.55 0.43 Clothing 0.38 0.23 0.36 0.94 0.95 Dress 0.47 0.25 0.43 0.93 0.99 Woman 0.95 0.20 0.14 0.96 1.00 
15871526126_2445c11b3a_o.jpg,Human face 0.10 0.20 0.83 0.24 0.96 Woman 0.13 0.02 0.64 0.26 0.98 Human arm 0.14 0.73 0.15 0.80 0.33 Clothing 0.14 0.20 0.94 0.28 0.99 Clothing 0.14 0.06 0.89 0.27 0.99 Woman 0.17 0.51 0.53 0.67 0.86 Human face 0.20 0.47 0.12 0.52 0.20 Man 0.25 0.29 0.54 0.43 0.84 Woman 0.25 0.18 0.50 0.30 0.71 Woman 0.26 0.32 0.74 0.56 1.00 Clothing 0.32 0.53 0.72 0.76 0.99 Person 0.40 0.58 0.11 0.77 0.51 Human face 0.45 0.63 0.15 0.67 0.23 Human hair 0.46 0.30 0.54 0.42 0.75 Clothing 0.48 0.59 0.16 0.76 0.53 Man 0.60 0.04 0.68 0.30 0.98 Man 0.70 0.41 0.09 0.56 0.51 Clothing 0.95 0.41 0.17 0.55 0.52 
16311000497_319869e365_o.jpg,Flower 0.37 0.05 0.04 0.94 0.92 
3050923208_8be5340e91_o.jpg,Bird 0.13 0.09 0.14 0.94 0.99 
5455137479_5334a5287b_o.jpg,Dog 0.20 0.37 0.16 1.00 0.51 Footwear 0.23 0.48 0.88 0.67 0.99 Clothing 0.44 0.03 0.28 0.76 1.00 
15590621470_4d49bc41b3_o.jpg,Jacket 0.10 0.41 0.36 0.53 0.71 Jacket 0.12 0.61 0.34 0.76 0.72 Human leg 0.13 0.62 0.66 0.70 0.98 Clothing 0.19 0.50 0.27 0.64 1.00 Footwear 0.19 0.64 0.97 0.68 1.00 Footwear 0.19 0.51 0.97 0.53 1.00 Boy 0.19 0.47 0.23 0.69 1.00 Boy 0.20 0.24 0.27 0.39 0.80 Person 0.28 0.02 0.23 0.19 0.61 Jeans 0.33 0.61 0.66 0.72 0.98 Clothing 0.41 0.60 0.28 0.76 0.99 Human face 0.49 0.06 0.25 0.11 0.34 Jeans 0.68 0.42 0.67 0.53 0.98 Clothing 0.69 0.25 0.35 0.39 0.91 Human face 0.70 0.44 0.31 0.49 0.40 Clothing 0.71 0.41 0.37 0.53 1.00 Man 0.76 0.24 0.25 0.40 0.91 Human face 0.79 0.29 0.27 0.34 0.36 Clothing 0.79 0.02 0.26 0.18 0.66 Man 0.83 0.53 0.23 0.75 1.00 Clothing 0.87 0.65 0.47 0.97 0.99 Jeans 0.87 0.51 0.69 0.63 0.99 Footwear 0.95 0.45 0.97 0.48 1.00 Human face 0.95 0.53 0.29 0.58 0.39 Human face 0.95 0.64 0.26 0.69 0.36 Woman 0.95 0.40 0.26 0.54 1.00 Woman 0.95 0.65 0.21 0.97 1.00 
8610058974_3389ff0a62_o.jpg,Plant 0.13 0.56 0.54 0.86 0.71 Tree 0.15 0.57 0.56 0.70 0.61 Deer 0.15 0.11 0.20 0.83 0.77 Tree 0.26 0.31 0.57 0.51 0.68 Dog 0.37 0.05 0.24 0.82 0.74 Plant 0.45 0.03 0.17 0.92 0.80 Bird 0.66 0.11 0.19 0.84 0.69 
10421179043_da78ca3485_o.jpg,Plant 0.10 0.76 0.73 0.81 0.75 Tree 0.26 0.39 0.09 0.90 0.47 Tree 0.29 0.51 0.10 0.75 0.32 Tree 0.51 0.01 0.14 0.20 0.43 Person 0.54 0.61 0.44 0.72 0.58 Tree 0.54 0.71 0.07 0.99 0.43 Tree 0.95 0.23 0.17 0.47 0.48 
15455953700_7e53b8f53e_o.jpg,Human face 0.15 0.13 0.33 0.28 0.49 Dog 0.95 0.04 0.10 0.83 1.00 
